23978170
23909407
24541917
24087411
24254619
23788911
25597146
27438159
23910318
23701658
24823663
24011153
23931882
24040582
24461164
24233564
24251253
24810827
24019096
24357971
24756179
24525680
27133425
24031572
23480866
26116301
25650642
24019408
24550915
23949980
24077416
25931083
26350463
24609059
24943487
24154967
23794571
25662805
23850670
25325129
24498880
24827895
24405315
24423650
23895040
24030383
24185901
24106572
24221437
23218863
25354427
25025879
24154226
25980641
23849815
25468639
25154527
24835912
25245853
23802902
23790609
24485341
23968764
24930585
25054071
23314137
23946724
24110570
24096369
23547680
25133700
26012802
24315856
25264822
25365421
24564827
23960372
24291309
24294452
23579848
24189463
24922837
25686108
25878210
23605077
26214720
25201673
26415335
25279509
24145567
24285751
24104179
25209608
25298584
25038448
23427877
23922179
23739306
23780919
24127647
23908930
23702994
24858043
24491217
25895145
24976858
25047419
24723470
24188484
23820587
25730877
25277234
24155865
23900451
24561988
24545489
24573780
25492925
24677995
23589585
24772625
23385466
24604479
24364581
24467452
24035751
24722534
24191139
23980336
25768524
23655476
24660944
24950368
23930719
24535401
24156230
24468794
24146296
26046197
24631737
23870176
24200896
24064370
24088522
24044552
24452319
25112959
23377811
24607111
24866335
23841672
24442547
25272959
24366741
24401752
24569502
23947607
24815024
25095172
24583025
24107152
25150122
23306843
24349168
23561824
24308242
24147540
24231662
24475279
23980147
23920691
24546930
24801284
25521396
25574643
24674931
24301435
24409687
25237669
23707149
23960885
24369977
24327314
24346290
24523737
25261678
24914783
24255309
24248054
27109252
24381448
24467403
25310207
24830355
23874750
25305238
23567238
25978767
24377770
26674229
24290233
23675043
24851170
24583739
24725216
24004457
24561466
24683046
24786022
24131069
24917400
25355737
25316633
27020709
24991869
24442575
24717711
25231697
25626066
25920815
24649194
24946937
24348384
24840508
24074770
23450336
24696161
23739870
24456454
25055020
25045152
24797788
24056848
24343153
25691067
25182783
24450976
24181220
25956897
24424786
24311112
24390070
24491281
24757526
25171231
24650691
25965559
24268286
23931848
24385866
24219903
24766705
25608758
24732850
25824043
24113776
25061105
23162004
24844470
24153797
25099007
23873472
24400305
24795157
24136550
24434959
24154397
23846672
23474797
24402503
25947160
24731752
23802841
25645009
24379901
25356849
24458176
24610737
24810122
25035264
24592725
25099715
23673256
24763831
23622274
24328565
23696831
24146019
23791351
23728029
23730569
24384400
24956487
24349969
24982393
24730886
24167847
24251104
25942919
25215461
23822023
23729860
24379123
24786939
25996214
25405008
25111433
24156119
24661919
24648061
25284656
24994270
25193046
24527688
24984614
23998258
23983915
24175268
23902798
25218966
23981537
23798033
23812173
25217665
25034384
24051162
24409821
25250025
25098505
24263249
24358370
24131047
24003660
24859836
24589849
25749607
24626230
23737412
25257060
23287549
24317531
24355375
26276368
23914889
25653671
25068642
24501154
24787775
24462694
24532517
24475432
24402862
24319331
24512485
24907358
24276709
24498016
24926526
24288712
24270146
23752390
25512209
24795965
24126532
25042148
23715552
23509542
24480214
25143087
23601662
23852894
24542811
23812865
24208244
24448958
24487473
24303481
24507953
24456129
24857532
23640092
24954844
24671131
24949597
24750741
24791802
24038363
24779227
24217828
23894121
24586403
24644458
25202298
24245815
26110399
24309889
23568107
24569612
24401336
23922586
25555601
24704259
23934027
24174295
24883285
24492019
24957130
24119831
24442837
24427449
25074505
24725907
23767892
24052902
23982629
24676099
25353414
24856107
23543071
24515255
24919443
23956122
25327684
26072044
24405338
24187234
25304578
24055860
25122204
24783416
25441064
25233070
24142321
23481110
23885728
24410097
25385148
24315816
24595703
24315540
25333901
24712293
24070418
24811607
25455695
24542196
25428915
24876662
23828579
25389130
23642295
24053776
24955938
24115848
24049730
24538003
25408907
24963790
24895964
25823727
24415922
24659825
24744372
24763341
24805677
24836328
24405484
24019591
24778683
24293030
24181462
23551978
23819020
26321128
25428723
25000837
24916675
23699096
25865308
25036775
25739277
23410501
24459763
24951110
23619903
25909542
25555387
26103592
24752169
24219243
24583701
25802018
23922510
24397983
25146394
24367818
24635077
23733057
25539729
26260701
24447807
24143024
26488243
25247108
25009315
25430304
24358024
24420051
24838049
26258085
25244440
25061029
24598045
24178670
24047886
24239952
24503419
24576934
24365567
25940848
24830583
25659963
24847431
25658938
24643953
25010421
24309846
24932931
25362379
23879170
24440306
25963914
23853993
24749353
25287543
23554126
24938749
26140096
24165088
25266914
24833963
24727744
24202971
25504119
24880239
26003460
24185465
24666130
24416594
25543190
24762670
24609123
24366987
24115779
24787691
24651256
23993984
23967432
23501184
24508997
25358239
23604268
24478442
24108944
24956931
23988750
24248732
23679042
23914383
24937468
25696055
25220429
24418136
24009134
25442555
23677572
24388039
23826069
24136672
24652216
25326380
25370159
24570172
24281127
24570219
25364034
25349165
24032836
24950583
24105379
24804615
24166221
25188485
23860350
25213011
24467164
24104029
24600026
23841234
23905567
23999108
23729685
24182853
24049449
24084975
25122071
24265566
24976974
23892556
25405026
23998479
25614134
24094257
24600559
23447949
25116757
24908736
24274595
24486036
23920575
24377573
24581812
24333829
25115385
24396109
24613478
25197157
24331451
24109012
24030883
23547673
24122142
24775614
25805755
24916189
24429151
25194350
23608237
25371345
25880558
24323963
24455205
24031401
23444849
23759780
24057198
24028451
23994434
26509389
23761833
24846966
24646095
24242637
24700260
24854531
23281868
24666232
24854335
24418475
24457857
24656134
25024570
23941145
24144774
26079379
24456284
23997163
24060980
24877412
24769788
24435387
24162811
24140731
23701562
24395773
25285493
24478059
23769878
23773531
24172765
23921997
24438973
24595716
24286703
23831000
24152767
24202291
25480880
24426552
23911999
24354048
24176353
24268263
25283802
23534958
26799109
26030643
23931393
25306543
24601108
23947974
23666371
24204463
24905917
24517005
23817314
24407409
25705666
24513029
24635361
24609908
24912794
23802588
24369822
23567410
24322249
23557627
25157370
24421246
23674358
24849419
24172193
24867110
24243531
23928559
24044998
23612774
24950521
24086007
24601703
24040347
23925205
24839933
24814280
25268068
24390655
24000752
24034533
25193208
23818244
24944621
23832968
25234228
25475127
24041796
24572763
24053233
24246217
24802094
25363481
25997735
25706978
24824196
24478397
25200912
24044777
24702300
24479440
23636559
24343345
24520527
24693852
24195741
24114939
24287879
24831315
24373874
24520130
26280356
24027150
24246226
24220260
25203249
25654652
23803698
23665112
25691767
24825417
25266867
24561911
26227507
24300240
25039282
24031066
24381191
24285790
24661197
24306705
25117846
25680399
25646131
24818923
24470341
24353361
24108946
24565063
24482672
24817416
24928989
24179914
25004181
25213872
24372822
23436612
24142193
24997515
24838455
24858714
24369147
25187214
24614084
24998480
24334649
24801744
25466542
24504409
24110401
24889449
24666027
24582661
24836554
24392890
24743332
23796466
23763499
25682242
26760699
26099749
24994010
24377275
23597718
24723408
24447834
23524555
24003639
24635108
25133825
24601803
23761182
24735056
23887901
24991710
25533809
23656716
27320915
23910156
24215095
23890088
24210530
24346960
24603242
24323311
23985259
24566663
24642041
24570283
25630671
24415013
25345638
23974203
23896171
23752642
24404154
23469140
24655124
24719852
25427046
23705834
24640613
24679099
24399743
24092206
23732772
24827445
24359700
24536185
24846268
24284795
24054039
23960578
24374823
24503328
24252007
24610749
25695308
24668369
24640121
24741323
23654089
24927453
23640044
23893859
24014838
24283001
23986794
24493148
25698353
24182749
25193857
23998715
24250679
24333987
25018687
25652630
23508306
24821138
23961902
24128065
24685417
23958576
24658726
23581373
23984424
24085444
24356908
24184943
24523985
23877754
24452124
23475033
23875245
24890740
24448634
25253811
24073429
24589775
24732074
24701682
24128573
24153748
24616094
24379100
24981027
23939290
24033931
23957628
24435342
23836441
25432739
25047050
24291082
25490120
23697609
24946328
25503125
24796623
24781450
24016942
24060220
25072971
24578377
24071849
24308572
24376259
24862112
24457190
23998517
24499786
23673157
23497881
24567878
24719948
24699670
24735335
24026078
24330642
25480097
23605692
24476853
24374945
24077943
24769400
25594866
24361111
24941816
23750092
25637173
24070784
23838617
25143024
24206144
24126975
23592226
24700495
24221815
24477632
24903098
23705762
25407610
23893785
24707468
24569942
24518570
25316506
24323626
23970571
24426969
24642312
24057696
23796303
