150667
147300
144647
157818
154294
154147
158106
166883
151117
148286
151674
156810
148702
160965
152366
158858
149248
154769
155316
156390
167587
148108
144159
151901
155869
152848
164053
152967
145180
169313
153739
169618
152583
155734
150026
144340
149042
149255
150891
157091
158280
165101
144793
148244
168139
154155
150912
142853
156332
153209
149982
149060
157235
154617
159764
143917
168367
164939
155084
157081
153152
148323
155342
150538
147173
153091
151013
145057
168840
155693
158506
147961
156723
143964
145672
152275
157566
146649
172489
155309
147698
148712
155066
155430
151320
153691
154101
145368
174559
141826
149539
149005
147696
151797
155024
164815
148057
150524
160049
166830
154075
155688
157405
153575
158956
159083
150018
152906
156809
156120
152762
145447
169291
147307
159029
141638
153429
150788
152114
151312
161497
154035
151006
142050
155765
154429
157969
149773
154806
145712
152837
145614
152148
148189
157659
155334
165713
148466
157895
145008
148927
152128
157057
143233
152616
155065
147074
165438
164659
152664
145320
145393
148038
160218
164526
147193
152446
149871
157983
152275
159122
155138
163717
147693
143916
154672
144308
151415
159991
156114
148446
153303
160936
148188
161255
153200
163076
151096
152091
149960
145350
155462
165339
144718
147829
153469
155474
149019
149960
160185
156520
159372
155782
152141
148189
156185
148050
145419
156118
153883
158781
139117
151466
150832
157195
146806
153434
154435
148823
153820
159512
147826
150982
158073
150393
152121
153014
154579
146921
144376
147126
165581
160689
153469
161621
143984
155283
145179
153620
163632
147985
155449
151534
154875
150678
145686
165189
146940
152243
148228
149518
147548
162276
162037
152915
146371
155166
154973
157482
144251
157924
147160
161944
155661
147266
155660
152149
147442
150034
143091
155892
157446
147518
150811
145369
146971
153693
159295
143067
155910
144718
162915
143623
152641
139785
145575
146668
156165
149212
148199
151700
150434
151055
152336
159485
154080
170061
156459
150078
146629
153417
149666
162591
148908
153472
149223
149614
147647
152326
160138
146404
166037
143650
152460
159077
159900
151442
154495
157107
164715
149673
146220
159552
158194
155982
147870
150019
145985
146864
150256
151419
153519
152827
153338
151648
149756
163614
154917
152064
161740
152479
151346
158921
168123
146046
159563
145623
155312
155958
151777
155259
160439
158641
155960
171247
153903
146723
166334
145198
145110
156875
146207
148226
146387
150042
144493
146710
149641
148234
146496
149350
155085
160593
148738
156174
145460
147349
156100
157121
157986
149226
155990
157043
152049
161368
168739
158756
151396
143083
149558
144017
149927
150541
158930
154186
145266
155923
155207
157486
154023
157407
158505
152558
157818
151443
155892
148976
149530
155054
149330
163983
151392
147765
157735
156082
150009
145888
157029
146267
146480
160455
150218
153269
148730
156196
146120
157922
157766
151153
158666
156593
165643
146504
152461
151604
151349
159367
149256
148745
151222
144986
151581
144785
147220
166929
142017
152398
148073
152737
151910
149929
144621
151860
150763
150124
147749
140889
149135
149992
161730
147642
152950
153813
147651
150558
171565
148551
147955
155239
145430
149170
148607
145761
147217
156386
161141
150855
148219
152442
147157
154370
145829
141366
167869
155272
151003
156487
154436
163806
156217
154010
144515
146899
148626
155025
162561
151518
150057
153917
174363
147689
145289
143809
152968
154358
149369
151557
152082
162594
144720
155149
147877
150319
154346
157697
152556
147440
145939
156892
152882
154584
148726
159537
144767
164434
154770
167495
150482
159024
150433
150141
150208
151886
151027
161543
146001
146420
148457
159428
150848
151387
146293
151026
152143
154947
156046
148822
143018
155479
163218
155983
157003
151363
149319
150941
176007
154365
150841
144664
154851
150991
159146
171409
150374
146760
149381
148233
146475
144542
161836
151635
145958
142618
155210
151265
147390
155993
160234
147485
148339
147784
153614
154618
159160
164408
146965
156065
153037
146498
150246
145346
156570
148410
148186
142708
153882
148096
158020
154311
148883
152803
154776
151157
154040
159778
169185
153375
159311
158942
146529
151850
165172
151314
153683
154395
164705
152061
150249
152789
150478
160674
146009
141722
158968
154850
151571
152897
154355
150458
152731
148422
152595
156265
149798
148371
152310
144504
153844
151122
150135
158884
154600
166584
153847
169817
146304
156401
151758
144954
163750
153404
147481
147362
153621
150257
158715
155285
153720
145066
148289
154579
162541
150729
150014
163225
152645
152188
156002
154242
159299
143923
153058
158837
151121
169503
150708
170308
156492
144207
148013
148944
149986
153987
156672
161164
177558
159083
159034
153785
163096
147961
145731
149706
150814
151257
157269
150907
151744
158975
152050
144899
157319
158636
159001
172777
149765
152574
156620
152558
148546
151404
154829
157534
157513
151062
143108
163859
159997
146660
171710
152783
152716
150967
164635
162748
155771
151284
165520
151009
151193
158743
151449
149988
169976
148706
146012
160736
150019
164641
147074
152817
148932
157149
157400
156375
148085
143292
150482
149618
152619
151429
151983
158584
152953
147341
156132
158901
164570
146084
151188
177591
158603
152148
148748
168300
155301
146423
147711
153595
142407
163420
153847
154347
148406
154520
158922
147814
148672
161017
151930
153895
157819
153841
150078
153965
147411
152153
158553
155814
152209
159428
148538
154661
153973
148730
154861
153148
157252
153814
144783
151924
163792
160616
152675
158903
144639
146363
167956
152968
147208
144652
145097
155058
151761
168057
154117
146276
149788
150246
151595
155502
146069
160467
156526
165075
152863
150537
152427
163121
153769
165676
149887
149994
146223
148029
152847
149768
145925
143726
148063
152167
160860
154241
162540
157843
151055
150536
149920
156215
143200
156318
155312
147984
150472
159851
160306
146124
154764
157630
151764
146348
147969
140469
152758
151619
146744
161001
159256
154618
154606
146228
146532
159891
155362
163223
153913
152190
164198
162831
149699
148479
159476
150639
149413
150623
149869
151888
168828
158694
156028
152298
159773
168452
137699
157448
158430
146368
163487
156035
153321
152834
155811
157100
152098
149763
148287
149949
160755
154814
159286
149079
144717
157234
152088
146983
150736
148014
149916
153098
158309
158966
150394
154803
160045
141000
157718
145883
158318
148074
152095
148486
145487
153864
141635
145227
147580
152426
151061
158918
159984
148130
144053
146988
158200
157349
168219
153848
152256
147699
149798
155732
150950
150466
160125
148474
145871
150149
146828
152608
142845
150093
155074
154350
150740
151476
154330
157693
148649
147789
144702
141186
144884
152579
153721
144220
166008
163045
164385
161571
148883
149337
143879
154166
143223
154536
143238
152757
150627
150051
154050
154272
150489
149239
151911
150900
162848
153346
149661
151657
150441
145915
161726
152878
154619
143844
145356
149009
143147
149857
147699
156051
158318
148199
165989
157424
159781
155418
152931
159582
146574
145726
174520
153910
170002
162264
156303
147816
143160
148507
142167
155177
155720
157710
158227
152692
149871
148470
149204
151251
149743
148694
151742
139992
149741
160751
148600
155061
164117
158708
162126
151725
175551
156806
149743
148386
149767
156219
149623
149061
150576
156100
151331
148800
155897
148753
160083
150686
159179
159293
147209
156139
146964
149424
151009
153127
150818
158136
157224
149799
161597
160893
148846
160028
159696
161745
147372
148114
157023
153047
171994
146885
157903
148501
150539
161717
157446
148551
157015
151904
154066
173452
156158
146321
146622
146951
151014
153477
144576
150905
158060
148530
154414
169603
144653
162396
146214
157962
148108
159223
155525
145228
147929
146380
170666
146557
150528
148727
162255
151118
162308
157538
151563
156585
151321
162381
156725
148990
155043
152615
171746
152331
149807
150435
150469
153542
149677
148894
154685
147033
153788
156190
157479
152532
147270
154731
160798
151653
146772
159481
146693
149908
153617
154050
153643
145956
155204
155822
167108
165798
148443
157127
146907
156953
151948
151784
146868
159276
147372
162611
156368
157063
152798
162463
149438
151769
157354
150822
150752
150988
153494
149570
154500
151211
152046
152261
154881
151128
148434
148407
157817
154205
150395
153559
149357
171271
150313
148464
163842
158983
150038
152071
145325
165243
156313
153587
151121
162056
144571
151512
148687
149460
161725
154031
145565
145293
154229
158424
155382
173882
151098
155712
162369
148486
149583
149481
150636
154582
149750
151630
152722
153072
148860
155031
151158
155575
166331
152917
146649
148873
155842
150213
161693
158026
156162
162650
164249
163815
153361
150408
145770
159190
155970
157587
148561
152408
161059
153717
145127
147129
151348
152694
145832
161372
151429
149211
148753
151981
153454
157446
147278
145360
158425
164767
154859
141874
156023
158835
163052
151205
161258
148502
145764
157496
150027
143123
143539
162720
156569
163100
148934
173053
148679
151329
175863
155001
153930
169361
158550
152673
149122
169358
154426
152382
152009
163801
157133
161838
152300
143146
148292
163067
146473
148885
147170
162974
154235
143403
159370
150989
153215
155901
156461
156161
144677
148517
146947
155523
170557
160221
151123
150406
154149
159794
147283
138994
150643
154649
148158
154429
147021
156173
160824
151995
149210
156127
164193
155730
170149
153854
158880
154116
150972
163175
157007
155528
151262
148488
152458
153142
149766
146442
148736
150999
146865
165358
146938
149340
156199
153252
155746
158487
157194
148603
157541
158578
148652
160421
148829
147335
161094
148646
160312
154495
149141
163526
168403
155692
157678
164421
155696
162385
146412
152408
149475
157204
172102
149302
153236
149144
143159
154976
145494
154861
152191
156519
166210
147761
149382
149581
166608
147769
153409
166291
163621
148082
164400
158779
144339
152740
150901
169745
150089
152734
153520
145383
162899
147917
152353
141952
160182
150581
148592
148585
154483
150422
154132
158674
156160
156955
145438
150866
147561
148880
161085
157377
159130
152496
151911
155503
157368
144142
145624
156691
153675
145201
153295
153603
152344
152811
153007
155581
145118
145978
154298
150285
149009
160617
166637
150770
157235
160986
155170
153052
157059
150908
155334
157142
148592
145636
168689
151131
150381
163262
160312
147928
150447
152227
147310
161743
149855
160916
154845
147607
156699
161523
151330
166863
160477
148734
156640
149188
148328
146898
158740
146170
153608
153033
161479
153686
148013
151597
172713
149888
149752
150364
162278
150982
147249
154268
146965
153471
150256
148998
148015
146008
149921
142234
156929
147013
146766
145643
158231
154573
160079
163318
156272
156524
165270
149885
146711
146315
152406
157179
157558
147781
148423
145878
167247
149111
146078
156672
160243
162748
151704
155018
156412
150410
160291
157574
155637
147290
159857
147278
148545
153688
167066
146509
155296
151984
148983
149882
158452
153030
147389
146389
164016
157902
151382
148844
147527
158379
152132
151948
151290
144271
157223
150013
155493
158905
149075
149199
158495
156570
158661
153441
146077
150832
152083
153872
164146
150553
155051
158477
156320
160693
152608
156066
157681
154557
154242
144476
154580
156164
154665
163635
150961
169230
152669
154575
155470
155409
157389
148564
156140
151289
148837
152653
150855
153288
155490
170712
147873
161120
157653
148093
145851
153433
154012
151889
151389
150044
149834
149086
155818
161960
161439
152254
153055
143743
159878
151432
147024
145185
158002
160079
161651
146476
156335
149135
151770
149622
161688
147992
146008
159473
144002
162276
152161
146105
160320
148698
162126
161811
150461
156239
147760
147619
149426
143219
151066
154567
154319
155542
163789
157420
172773
157788
154131
157775
143015
151526
151323
157618
150838
148568
177377
145356
168010
149319
155862
147756
149778
158534
152755
148388
160029
150543
158047
151812
145776
155171
153661
155467
152414
157175
146306
160386
170450
156799
161422
163523
161226
153876
147898
147238
145412
156147
148302
163544
150283
156166
158283
157508
157718
154441
152821
149310
148790
149527
145032
150414
149748
156369
157757
157467
149938
157017
150621
145003
160880
159224
152307
167221
153929
150661
146381
154264
164075
140927
174070
148584
151805
153941
145571
154793
157318
157828
146080
153647
147233
168081
143692
161928
146857
149991
152235
156765
162768
151655
146652
150642
155496
159781
153818
155200
146424
166010
148686
148532
161977
162632
152900
144178
148707
152166
160278
152032
162219
149841
152490
149748
156712
175759
154999
166129
157879
147477
156735
142707
149541
150563
150300
161858
141892
153346
157171
157544
151094
155554
152483
148968
152094
158154
153355
157767
147503
157043
153056
159947
156875
156031
151883
148316
157852
158882
153486
162268
147508
149733
146909
147951
150573
161359
160218
150769
149622
149939
146880
148230
151875
144969
155667
152727
154329
152825
156849
145509
142440
147280
145619
163367
150345
149307
145335
161642
147423
155995
159337
157518
143355
155509
148959
150380
153296
156621
162991
158954
156124
144312
152433
158378
153476
148325
158262
147374
157734
157199
144357
147209
153650
153508
156791
144471
149622
150259
147664
152067
163293
147975
149675
151708
150619
147475
152563
189647
155023
154137
146001
157543
153240
164298
156776
150301
156505
148063
147545
156020
162352
150793
166462
143376
147991
149888
158695
154974
155500
146496
146020
155136
151016
159635
152720
154843
154898
142840
161905
148859
147037
146739
154429
157528
151244
148709
148113
166856
161793
146442
154315
147935
152787
167062
155418
166365
158441
151440
149809
147741
145652
153451
147744
151487
160184
151365
159537
167489
148980
154253
178410
146833
164037
154023
153398
150870
148699
146015
158028
149408
156245
152168
161669
155769
156646
144637
145887
161685
144179
159111
166945
156393
149182
148419
156798
151823
151178
143305
144949
151411
155633
152762
145781
150213
152362
161372
145025
146802
152880
158123
145402
149340
147855
157341
147221
156831
158140
145138
152072
150424
155321
145393
152335
163367
159430
152244
160405
152086
153388
147435
166306
160987
152991
163744
163621
146718
143792
147926
163534
146343
181525
147023
157061
147394
154892
152884
152987
159980
147959
146488
151736
153855
164148
158433
155992
159230
163105
154536
160782
143265
147994
158521
154334
160462
162257
151643
148834
160334
158549
158477
155731
148851
154053
157814
160868
154294
143602
145154
146668
167516
151827
156116
164726
154047
163126
159444
149979
148068
150915
150604
157725
152416
154019
145051
158906
150204
151156
150556
144805
153516
158725
168292
154863
145482
160029
161292
161687
153843
157384
153035
158966
157378
152807
150374
167889
156484
148373
158954
152005
155791
153402
158498
152221
160419
144455
154045
152370
158205
153417
159298
145081
152705
152627
150639
155572
152375
146166
163658
151287
157196
145218
149393
147566
152095
148054
148702
152381
146830
149287
151132
146510
153980
141388
154704
144994
147216
149351
172332
148253
152904
152814
147902
154515
150838
160270
155519
154741
156264
152032
152035
161313
150436
142256
146331
146727
142965
147250
153438
169214
150463
151877
155610
148197
160305
161909
151604
158516
147081
158709
157510
158187
157649
156421
157083
151550
156890
148844
149994
162661
151975
150284
173026
150961
157673
147717
152842
158143
151179
151054
155904
152647
154796
142447
173236
145732
144607
151147
150128
155265
159274
148463
164714
153970
159099
158150
145844
167630
155621
156594
144448
157758
152385
160561
145155
167751
148825
150691
141490
153540
164027
163162
149865
153316
155019
153204
156901
161156
156366
156844
154893
157417
149345
158070
145990
156724
148065
153506
157938
145062
147223
161883
158467
158182
150789
153008
157497
155806
152191
148056
149800
155049
161192
160848
160832
149097
143006
150953
151053
145611
171168
150574
145306
157913
156309
145124
156231
150848
156390
157039
151988
160482
164378
144949
152046
152483
149474
162022
157362
152267
162115
161946
152318
148808
146170
156838
154700
159345
156225
153703
151988
152425
154617
147011
148429
153792
154062
150631
148003
158997
146256
154270
149310
154704
148155
159689
149657
160353
147493
153375
153046
147830
155042
157091
150902
147942
152095
151474
153945
150353
148704
148983
150643
157265
175421
156052
146246
150257
151438
155287
160426
162950
153282
150158
155822
147221
153521
158308
164650
158042
163432
154208
147122
143824
151651
150149
145147
150264
159660
148085
152221
153601
157313
141688
160811
160308
147504
166788
147907
143046
172744
154050
143964
154267
148475
154902
162331
150238
153114
159310
144339
147088
154823
164079
151927
156564
153808
151853
154825
146307
158141
156090
161191
149128
150652
148032
160403
154210
158117
145123
160536
158408
144456
151123
147101
145548
152731
148599
153917
161183
146281
160607
153432
150356
145993
147103
154048
159278
155321
148522
147149
155507
154483
157233
167051
147828
148230
157797
154204
154212
148353
166075
163009
149714
150597
152454
172819
156152
155249
170581
152834
154166
155114
150418
158251
142464
164230
153350
146505
152177
149510
153488
151872
151546
149286
156136
153860
147423
162606
159486
146389
142922
155512
155762
162027
149637
151039
156657
145183
148752
155698
144474
157751
157378
151894
149949
145925
149182
161457
152073
144321
190760
147820
148869
157568
147598
144300
149481
157459
152737
166571
154561
150414
152439
159267
159891
163572
151734
145900
149442
165816
153311
152339
157270
162044
152057
157525
154061
146579
153682
150281
151353
146836
153263
144192
164163
148364
161739
177736
149145
148199
153798
165639
141182
150508
151822
144907
153828
149311
164595
152747
151426
167395
164263
145142
153924
157411
151054
150987
147897
154564
147398
146419
154950
150496
150235
155211
155588
155745
150161
156934
150570
145317
156474
156527
151142
165289
156260
153739
153610
152524
149945
151989
163330
139567
147181
150112
162392
151369
153285
163510
152240
151748
155826
154143
146786
156859
148427
154177
150934
163636
151177
156937
178351
156585
147213
158692
153807
154879
158757
158640
172102
157450
148718
150439
154112
148510
150559
150188
157640
156911
152231
151477
153402
144853
155362
150128
152342
151085
156044
150828
156256
147642
149956
165726
150098
160912
149431
159791
153505
156025
147729
147446
166153
163160
153588
151938
170181
152692
149816
144295
143691
142096
156713
154208
156221
147218
151652
149230
147382
153951
152728
148188
170913
148251
151365
152534
148727
160803
158044
156998
141265
145212
148194
152887
154301
144664
155362
159879
164918
149096
161144
153520
171824
160874
152559
156843
151985
153311
151889
160322
159205
155720
151107
144380
144667
156221
155690
150331
163254
159864
143223
154144
153883
155444
149316
161098
153890
156447
149326
167400
161600
144879
159923
147782
151130
148790
154827
146260
159164
154324
144380
158479
139680
146556
159744
149652
155897
156761
153189
148491
148750
163107
152732
152311
152620
147947
163508
158683
155311
146325
145199
149177
152267
157841
150353
150018
142303
154183
166055
148293
161637
156565
154235
163222
147619
151800
152931
155899
157409
146493
158610
151339
158221
148548
150967
148954
158789
155224
172592
145512
155466
148363
152525
153319
155544
167544
154806
147763
150663
153905
162138
156083
154265
158611
147100
154023
154896
151406
154718
144671
149318
158202
147583
155184
152163
141435
148919
140634
150014
153441
177602
165314
154513
148054
153733
153305
144620
157722
149018
149898
147737
145084
152187
143327
151573
155028
148024
147039
156607
154678
156184
161149
175744
157057
146485
143313
147372
152492
172240
151303
155158
157369
150063
150938
150235
162190
154429
153929
150277
147100
157321
147301
168793
164705
152625
149206
147826
163135
161517
171125
163992
150320
150927
157029
156832
145911
145845
155073
153818
148512
146712
145004
156032
151150
146968
157706
147800
160015
170584
146278
149826
150778
148821
163995
172287
147398
145554
148277
165099
152921
150463
145222
148208
156911
157140
152824
155093
150313
164777
153822
151995
141134
151279
152281
146760
156473
151368
151968
145800
143455
161660
146769
155604
155983
152407
156311
147230
151984
150882
153866
154512
151072
150002
142635
151492
151561
170206
153950
143128
150544
146215
157982
150817
152587
160870
147786
156314
161408
150653
155716
159070
154824
154052
159133
163033
161977
152528
151451
145509
145464
155180
160721
145249
159727
148054
148445
145148
147172
144094
159506
145308
156676
149854
151782
157663
147153
157334
152852
151795
169374
156788
146705
154432
151407
149248
159496
154806
161369
147639
147354
143519
157158
157419
147587
148079
154072
145445
155472
152169
159237
155158
147564
153672
154843
147579
171672
151982
146469
150619
157488
145225
162641
156610
145439
157769
171822
152164
158365
152820
150348
160452
146894
147300
152249
142914
153773
150849
168951
151558
146142
162446
165974
150506
150420
158016
152879
144130
146214
143890
150510
157943
158056
171780
146443
155116
154021
152661
152223
149906
167615
165366
149170
146222
158167
169748
146443
152232
146083
150098
152481
155275
156341
161283
154500
155234
152474
161018
154275
154829
144974
152766
154601
154025
157169
156580
150062
151720
144419
157968
154410
153291
144638
147437
142698
143666
144586
147502
153294
151918
158114
152554
157180
148472
150872
154035
149833
152225
148282
150673
150026
148472
159482
153031
160987
147456
159746
144625
155013
144918
159145
155594
156257
146649
143863
158788
151985
158205
158498
147186
149730
157878
146853
157882
152977
157537
165805
152060
146874
153005
150224
150672
154531
154031
145697
156548
144268
145158
146653
147866
158743
165761
144032
181764
148719
167570
149747
148045
150788
160587
148033
143548
160965
151669
157475
152570
157033
165633
145262
151775
158755
155252
152362
166462
150238
171119
165036
153025
153229
161705
147043
157211
153531
165609
150171
155582
146233
159778
160851
158289
163980
147056
149171
160235
144383
148894
150853
151924
161629
145845
153918
156798
149132
144489
167863
156321
157029
157396
167212
146972
176255
160747
149990
151110
145781
156615
158123
148805
149649
152384
164304
145601
159483
147083
166887
146879
144922
154693
156506
154860
152127
159162
151674
151692
155836
151450
147084
166591
159688
149544
148916
147349
153746
155869
149624
153974
155654
146825
163059
152569
143121
148002
152022
157975
146837
156114
155088
153918
148754
144115
142906
153447
156027
143511
169886
154116
152910
152796
150444
159016
144611
148439
144321
152600
154668
147205
157323
147110
158460
154516
150690
147216
147437
147995
155031
145256
153315
147647
160669
148641
154060
154982
164162
147026
148404
157710
155610
178399
176619
149426
148513
154421
164011
149809
153417
153427
152150
153108
166094
149542
145992
161642
151138
152376
144303
180314
148775
145596
152077
151394
155570
153313
149898
160940
150766
166419
165679
145819
145308
151022
157649
155469
156265
150968
155455
164146
146120
157144
156881
158406
159482
148690
147444
158698
149640
152637
161289
153515
148390
154904
151396
151018
149904
149422
144799
156048
149972
158407
162174
164392
163047
151307
145242
167859
153324
155480
146627
149784
152729
142311
153185
156540
161463
158043
152793
154460
152393
154049
151064
147110
147863
147922
163323
160560
159339
146429
146432
159107
160058
150236
159885
151587
152377
144692
153696
151176
144168
146772
161685
146880
156459
146296
149346
152748
152949
152923
160813
152454
152853
152837
161108
152108
147625
152930
152156
149176
156301
153303
153347
166282
153351
149900
171882
148000
156702
156529
150763
144439
152380
151455
153457
153948
157044
149712
159233
151585
146601
150573
160257
150641
154801
153820
166032
150393
149113
147685
151253
152636
167806
153714
153095
149176
160707
155717
151647
148813
144450
147795
149924
158635
154491
149922
159791
143491
164250
150808
154103
148343
149617
154782
151354
148209
149546
156955
150612
154105
153477
149368
152487
149191
159245
157457
154043
156321
148123
147674
158527
153999
173607
148027
155851
157649
148017
143460
159817
167906
156194
150754
146069
148501
151633
169268
149371
153352
147820
168696
151800
154891
169884
145695
152210
156670
163872
151269
149352
143106
157636
166636
157383
142978
155091
147114
148951
152532
148010
156058
150723
172545
150536
151854
151539
151734
152352
159312
146834
151309
173742
146454
154685
167762
148789
154354
161019
145424
151360
172032
148651
152046
149988
148657
143029
163150
149142
161052
156640
145430
161511
153175
155908
148829
145686
152723
149698
164848
146182
154061
153647
147588
163572
151287
151641
148632
157639
153031
154834
156208
162644
150583
150651
154924
151581
165592
151112
151216
143860
152912
148554
161438
151178
156768
150747
150379
151904
147436
144856
144866
146874
148346
155560
155482
168180
160638
148321
148012
153956
148302
164417
148111
152698
152647
145800
161374
159781
148530
146553
152446
159410
145744
160304
150706
154165
147463
162992
149190
144816
167547
148158
155463
152418
152017
154969
154035
147667
155011
156646
157096
157805
144794
142651
164758
159241
155119
156361
154505
147504
147703
155669
143397
151441
145863
147180
150945
145486
149355
149654
152474
156412
147758
145987
152833
154984
147047
147153
167864
158760
158652
169595
157228
150410
153948
148100
151509
162081
152680
152118
149881
151123
160242
146883
150562
147235
145808
151950
150305
155281
150009
173437
154202
154646
153412
147088
161533
155260
141506
146972
164717
146836
148371
153834
169360
149217
151435
142097
154689
145742
167949
144519
151420
174323
156921
160454
146043
154020
152102
150911
149083
154510
152523
159640
163733
153331
149914
149305
158640
156283
155332
149711
142944
152320
173681
153076
159148
155967
148419
149118
152694
155040
156470
158545
141246
148012
157062
161642
147944
144482
151546
151198
163975
163931
156978
145268
158866
150460
153605
160776
159815
149675
143636
162450
156088
144755
148687
152248
145294
156842
150643
161750
149822
156460
143863
144404
165254
164073
150105
150070
151781
152059
163693
145080
158145
146311
151371
168186
150633
156153
155408
149862
150851
165658
156654
146485
149323
155999
158127
164932
151387
147108
158332
163948
152307
151515
153049
151930
149193
149848
153808
149827
156904
160202
153298
150881
170284
149812
144335
144510
147700
150355
155702
154305
146559
142938
148394
153834
153368
157508
158788
171526
152191
143687
151463
150498
148347
150825
152117
150006
151380
144373
148267
153940
146372
151486
157472
147606
146004
144785
146196
152224
171558
156222
158578
162610
147528
142524
148368
154796
153383
149358
151491
150984
144472
154325
151185
159772
152536
160960
156415
155224
151046
149677
144716
148864
157262
147926
157951
152680
146993
152696
150293
159717
155786
155316
172331
146474
160816
144583
154744
148695
162636
146219
145134
156946
155822
148538
151496
156435
152782
161658
143414
160595
155043
160247
150997
155005
150420
154235
156151
155013
155864
154568
151686
154193
158120
151679
152376
155726
166074
142426
151246
150920
151314
149074
143312
162775
150914
160709
149671
154094
149085
143918
154252
159399
148638
170586
149557
151755
144309
156265
151986
144233
153466
148643
152651
150343
170974
151747
162326
148721
153896
152034
153021
158238
153059
146761
171782
164944
173684
162364
148109
148433
147890
151544
151105
150030
147708
152458
152776
144579
150321
167410
143373
148678
168975
171507
150384
150348
149915
153331
152581
148577
153702
152226
156578
156048
156472
147804
173076
148859
150555
147872
154696
157007
153607
159752
148091
150334
145365
154285
156314
187257
159313
143460
161411
157069
146210
148620
148049
165978
152959
166625
155224
147314
151604
148790
164009
161583
152578
148945
153176
146008
177153
154262
142494
151997
158266
153171
153799
158992
148121
158251
149203
145679
167273
147525
143072
151838
148435
154233
154423
155408
158054
150113
152482
157803
149193
157198
153826
155690
168893
156303
151264
150629
145747
153425
172696
148474
151206
151983
145881
152704
171624
153477
146140
147526
154386
151277
147316
150468
151061
167113
151385
147786
145033
152404
162172
162826
154530
145859
157102
145487
145230
159506
149653
146567
139783
148336
144918
157397
155952
164561
146987
144687
155658
147112
148321
151653
155097
159045
151362
161526
154995
158385
148487
161868
154755
153662
152048
163738
157327
143872
153870
152661
154235
156116
152665
173388
159204
153963
150866
151940
150302
152997
152446
148844
147581
149808
147984
143673
158611
151917
145931
147764
165134
144020
155882
143487
155500
147947
172260
169086
142710
163663
143884
151017
141885
161765
152264
151004
144964
151127
151966
154969
150554
147672
153359
154040
157606
148009
152711
155463
147906
148201
154928
149117
151631
150192
161091
144463
143812
175479
150331
152986
172310
157024
152643
150714
160298
151085
147993
155365
154191
147030
155975
147016
154695
158009
149754
156874
175568
153026
152166
157260
153793
161263
148918
147560
155423
149805
150306
149690
147134
157972
156630
149230
148198
153472
149236
153056
148035
157222
165354
149569
151616
160319
155647
150123
145828
150184
160813
150126
146314
155370
152438
155735
153812
154670
156302
149495
145170
150047
154642
152305
160241
155221
156951
151403
149017
148776
160069
154798
152028
156242
161290
146825
151694
152168
146956
148473
180595
153762
151720
148381
148927
152003
142438
158996
153211
149155
143890
160857
151490
150758
150780
170558
155900
149878
147165
161646
163513
147295
150694
164051
150364
147543
158486
156636
153551
147313
143820
158445
142864
146375
160387
150459
157311
153532
155614
150561
166286
149953
154092
150331
155908
156994
146729
170797
148271
144863
151081
145591
153251
144028
153202
166397
152963
152084
148258
157025
154034
153149
162989
152130
155346
153604
150271
151971
149839
154150
160811
151520
155852
149353
172863
151573
149566
155111
159083
154959
150769
147996
150691
159579
163485
158506
156288
141166
154821
152194
155247
160331
152206
157716
146717
169932
157662
158685
153870
158548
151260
153744
157061
147755
155007
148795
155941
146389
148246
157529
156992
153236
151058
150946
154156
152973
158552
153361
151344
161274
152712
154016
161034
153819
160549
149599
154815
152178
158089
157653
155112
174230
150834
153508
156012
148464
154203
146376
165407
150260
158593
148412
155245
155803
147539
150719
149147
156393
153768
141563
147567
149718
146723
148827
142469
154191
145770
150300
147871
149527
149800
152048
162971
156919
147500
146353
146571
152713
161604
156580
156586
163044
143360
157368
141336
154640
152781
150587
147915
160493
159687
157441
154955
156709
159581
160572
155046
161009
151805
151702
158438
150651
159082
152582
160367
151532
146289
161568
151857
169234
151790
150915
147974
151570
157641
150144
155817
157604
143313
146653
150070
149457
152641
152313
151948
145879
143980
151822
160917
152158
156424
152328
144527
155056
145763
151158
154328
153899
158994
160354
144621
152267
146318
147059
154476
154936
171942
146415
164177
147849
160778
144956
148743
151256
151040
147898
142637
159532
166349
158351
148376
143071
162529
151781
149574
154521
144934
148195
153022
144565
149501
147754
151370
147516
147423
149381
160548
154597
152154
150672
160580
161503
158088
159962
151043
145008
152001
152131
165298
159802
164997
148766
149541
165329
146576
167608
145755
143029
145180
151561
154563
165232
158057
154136
159147
151122
158229
146729
159655
155177
148702
142957
150854
147752
150733
154850
149483
150784
148565
155940
161855
151247
163383
152167
172747
153175
152716
144075
145210
154545
160506
158792
139697
152393
149918
145000
152449
160208
152466
154441
149679
160081
170691
150937
154574
147459
151940
145644
154691
150458
159418
162104
155493
155365
152358
167542
152202
152100
148011
154520
162813
147625
146831
150469
156609
149566
151089
156854
179247
153993
158183
159396
150531
154104
161001
156441
147950
152714
152291
160836
161498
155650
157984
145236
148338
152325
162828
148635
152377
156481
146468
155774
149956
163542
155989
148680
144403
148160
152567
152124
150864
144691
155381
145042
148883
157166
151774
165218
149595
147995
154926
147922
153036
159032
155068
150441
148313
158785
156634
152885
151330
160906
157687
169855
148384
149040
156228
163099
160014
150572
143579
154489
156070
155831
159034
147373
148918
145817
146003
163034
144058
163761
156287
155490
153639
147369
142588
156381
147518
151456
156618
146045
149896
158530
150000
145772
172329
159076
155656
160020
157032
154880
151416
150331
150390
152631
155611
152560
160331
154325
149848
151363
160049
144562
147410
155807
153300
145975
150416
150000
152139
154997
160971
153831
157071
147267
145963
151452
153076
154386
143741
154410
140722
146103
148929
155338
151613
151576
156101
148766
158791
144755
153992
150420
148167
150451
146989
150221
152746
159200
142712
159081
165934
151648
145320
151889
142021
150769
167462
155121
160557
153691
146708
156307
162395
145267
160975
153066
150187
157773
150524
158720
147386
152126
164745
157560
152552
155321
162045
148372
165717
151293
155780
150512
143547
145809
153294
153502
153564
145490
170107
151886
154939
145910
157188
156928
163964
148582
152241
152680
150923
145372
157247
155543
153490
152414
146049
149088
147005
147644
143153
153907
169129
150902
147442
155888
163949
148052
151770
152686
157612
162336
148955
149128
146506
167003
144298
160599
167030
148266
146740
154882
160710
154785
160509
147919
158328
148404
175951
166657
153923
171906
159117
151622
152082
147637
160162
155786
154537
147524
155072
150236
154250
148159
156204
150309
149243
158920
145327
150852
148321
151115
160397
154181
148543
152374
154819
170328
156490
157944
148249
156527
153412
146734
158216
148627
157557
151301
145982
153351
141545
149281
158727
148348
151626
183649
163416
159892
144775
155136
157463
159501
145084
146704
146433
160371
148884
152248
146663
157562
149633
154410
146808
143666
150250
154694
150812
163764
152309
152123
155910
153141
146230
144593
149289
150747
150324
144101
152514
157387
154958
152389
145520
149591
147284
147776
152694
162921
142547
165592
149596
148157
148445
152485
150568
147266
145940
168445
154837
153818
151548
147207
163616
160461
153243
166169
150097
156368
157666
156614
151792
150749
144918
154533
150392
149047
146995
172254
154881
151443
150222
153674
160403
144633
153588
142162
152853
148674
145815
157855
154605
147513
150356
138933
146199
151951
150475
146325
147890
161866
166107
157505
152054
152680
150987
149949
147961
154603
146102
154527
151357
144275
146816
149475
147248
143773
151610
161816
147213
145138
148017
154742
165486
154869
160317
150774
144725
148719
158598
158349
153657
147322
161641
148051
154835
150045
153537
145949
148645
154788
154111
163724
154215
149985
150297
150536
151734
148138
148781
148246
157347
154459
149240
146441
151977
143470
146506
151596
149557
149780
154893
143624
153302
149277
152563
166180
162032
150339
153486
173024
165394
149578
144461
153448
150179
152601
146766
153203
151604
146578
168424
145794
156394
146200
156302
153828
152150
141097
144104
153141
148594
146935
147398
151863
153037
145212
146320
155915
144099
150760
151574
152285
152932
156690
152774
163450
151725
146625
147404
152404
151882
152575
148663
143875
164863
158705
149312
147650
148886
146795
155106
144275
143642
149194
155369
145252
147736
149952
145919
158064
151688
157227
146764
158136
149813
146722
151335
156316
151360
159763
162204
150117
154469
148548
154478
142461
143246
151809
146801
167137
153120
148670
158731
156419
149772
150420
148105
151532
151531
160533
146800
154745
148644
162791
147210
147328
149790
149653
149584
155435
165662
171816
149957
147160
156200
147904
157042
145105
156916
145069
158353
152935
159796
148735
152353
150692
149063
167541
149517
150772
155001
148306
160013
168516
167939
164006
153718
160751
150742
143506
145384
152298
155904
160292
165707
148560
151082
148017
160355
154052
151304
150420
145792
151861
147469
145664
150741
169701
150932
156108
145430
150649
150736
151156
148178
146166
152357
145716
154310
150280
156289
151765
148025
143203
156027
147749
151952
151763
158904
154806
150275
164840
166881
158382
163837
148617
156895
144991
148672
150076
153628
156166
155373
150243
161772
148204
146460
151314
147753
161969
147301
174910
163984
153771
148379
152722
148290
143571
168583
145782
150652
165139
150753
161930
156872
148588
143072
148570
159334
148272
145663
155254
146405
151482
150434
150112
160786
146266
155587
164824
147278
160676
156102
154375
143689
148143
154035
144121
146831
150291
154075
155067
146094
149861
151289
160585
145919
157004
145928
152531
145783
151677
150257
157337
145084
151380
152631
158572
159746
149525
156217
148808
146636
158042
151391
157136
156781
147003
161481
151886
171834
158916
164183
153842
143083
150518
151764
156853
147940
148290
150490
158800
147334
150743
143239
162352
153854
159692
171332
150287
149843
151203
160271
157614
157860
155762
152026
154532
146717
145308
153850
153234
148906
145063
155479
146091
141769
144632
154368
147867
149328
143446
149856
145110
147181
150244
168674
147548
146771
149686
145426
159219
146932
159683
143318
155406
152477
146763
160516
173374
150292
151294
152818
157619
148033
165322
153681
140254
145597
144265
142540
167592
152999
146667
157062
151630
144289
149989
148581
144145
158407
154568
151590
155004
156017
146255
146588
155720
142357
160104
159941
175000
153046
164243
153638
149825
154061
149669
160256
147969
147965
144497
152478
158802
153763
151843
149672
159378
148195
148050
145815
152024
163982
151553
148243
146753
155675
143907
158638
154008
152695
153867
161999
162794
169094
150502
142664
160409
157710
148398
155312
147780
161809
154537
148817
146987
151711
151127
163186
153949
147646
150888
149135
145118
147811
163449
151583
144278
156388
157788
154590
168187
152811
158089
165102
152579
158703
158124
151209
148358
149232
152089
146470
153161
146884
161172
148185
152392
149078
141264
151537
149611
144070
143355
154489
153586
145095
145733
151232
153684
146672
162520
147066
156267
156547
155736
158261
163117
146869
145386
153203
151368
152942
157107
153147
150541
154389
157012
151111
157339
162918
157741
148647
148597
146368
161575
155851
154213
154970
160973
157872
153174
155031
146880
152340
160362
159043
154209
164578
146214
144586
148700
149549
151686
150575
146898
161594
157038
145625
145208
151528
148828
162136
144518
147321
170302
148475
147784
148405
157974
148138
161629
154132
145244
154338
154389
145919
149066
149862
157515
153439
160787
151639
154580
156312
157143
142176
154117
159461
156344
147837
149245
152359
153030
159569
155170
147638
141591
154531
147653
152268
149426
150084
166230
152493
163601
154250
154631
150203
157182
148288
158776
152936
148059
149321
148208
160111
144925
158303
154592
158453
149381
152579
157309
142219
154580
168871
150232
155739
150059
160764
145913
145996
149823
156474
147313
149187
157267
149101
156540
144669
146287
158972
146055
156915
153558
160022
144819
142487
145827
166455
158435
150608
154739
145533
150936
155884
161267
154115
157962
149571
156370
147432
143766
153345
164101
148545
153396
154995
146252
150816
160992
149713
145135
151731
141859
144064
158806
148888
157968
151391
146338
155376
155630
156539
154003
161088
151342
146113
159269
152545
159763
161221
160502
159437
148792
147513
156642
146429
141162
153765
156191
152215
153208
150381
156472
144870
149719
155236
162995
149502
147877
146445
166124
148167
153184
146024
150996
159204
148145
155044
168687
147314
164951
149342
151512
150636
153374
151072
142050
165844
171394
161758
149651
146629
159729
148061
143403
148816
158619
151356
149515
159432
148009
154885
145997
152517
147682
153890
146819
152765
151310
154750
148450
149078
152576
158093
160589
146073
155385
157798
160110
151677
150917
144495
152405
151349
156759
150484
151862
159582
167432
150692
151067
149904
156210
157241
167188
153257
155069
152599
161912
163295
143759
151381
151202
142516
143772
159009
155452
150825
150873
164647
150338
152289
155780
149506
158262
154332
170015
157640
148847
159250
152303
159157
156229
154101
150811
154015
157639
158485
157963
156987
152365
152129
148292
153100
150264
156239
147498
153461
151911
161380
157687
147380
150597
149665
159136
151064
158239
166612
153122
158684
144664
154137
164540
168398
156558
159455
146441
148877
156393
155739
153845
149873
150533
152351
143414
167272
148675
163404
158439
152816
160830
152794
156324
149569
151769
160843
168503
172701
156370
155210
151274
163968
144033
152789
146887
144650
146735
149131
151603
150301
159011
148588
150017
153487
166383
151051
149280
149128
151892
151281
156226
155124
151923
157246
166217
149699
153771
147852
153785
146621
152810
151598
150052
147064
152891
155878
146280
153269
165423
156912
142931
153486
145511
148073
146695
174962
153242
157973
149337
159079
148915
168365
148314
148293
162041
139481
157641
151858
156806
152736
155046
151162
151914
151293
151196
157952
145634
145116
147346
149609
170168
149034
154665
160134
155794
150231
146664
143266
152361
178207
155450
148826
147513
153498
144969
155662
166731
161384
154975
156114
148615
162157
154238
154159
156670
152006
161223
156374
157603
150989
153664
148623
156058
145320
153840
152055
150551
161272
149170
153561
157809
145046
151296
152996
149930
147479
158566
157118
153645
155750
153252
155304
157959
151665
155436
163957
147072
151202
152445
161851
143449
149600
149378
150031
154199
152870
158508
159657
149860
152920
163104
145537
148908
160967
174477
147761
149749
154788
152180
167116
159839
147223
160367
156340
151822
154929
159794
152434
161707
163626
159494
143536
160649
158766
145175
143936
164079
145895
154555
151638
149087
150370
161350
142652
154254
147993
149113
157369
154694
161670
147786
153824
167281
148448
146350
152894
162216
165419
157286
145959
152848
151251
154992
149556
147647
166498
169908
159348
152895
154320
149387
148703
160017
163564
153433
147260
157604
157078
166665
148635
146991
163519
151712
153637
146320
150679
152560
156935
165386
153624
157849
155937
156355
152619
152289
154096
151240
147580
154039
149587
148428
143608
146761
146094
152188
155774
157489
157453
145679
155012
157330
151915
152464
156306
139242
172043
153976
150568
151106
165443
157506
168473
155014
160021
145241
153991
147660
162634
151177
145766
151526
142829
159003
162814
167923
148807
161785
152531
149674
149080
153824
153000
150289
150430
152813
145277
156945
148302
155655
146405
147030
154916
153911
153652
165106
153997
156827
144024
154737
150671
153014
171301
163358
149251
147658
156312
151070
160202
150161
149308
160833
154106
162852
143933
157152
149602
152432
173395
145925
150252
153296
155195
154164
155053
143948
147495
159689
160443
145241
152425
148489
143027
149386
152787
161200
155694
147692
153224
149045
144858
144379
148960
143596
148880
154163
155412
156108
145895
148179
151489
147906
149297
148370
148720
145886
145814
145261
162661
156085
155483
155446
152423
145813
150840
156984
151502
165676
146505
159667
164179
148638
148358
150243
172166
154279
156167
150241
164332
156039
157507
151240
154552
156206
153823
150812
145598
160779
156488
158541
163701
155098
143126
150364
166940
145438
160812
162976
159590
159277
149600
155198
149488
148017
159529
145896
146819
155596
151675
147611
150860
158672
152003
161669
156096
155887
148498
160500
152153
153295
156860
146505
151469
149244
152180
153570
150769
153379
144884
158914
146275
154089
149586
154887
159536
160161
151036
156655
153291
155800
145929
150722
181770
145830
150242
149896
148086
150302
157584
146919
147323
159836
156897
150728
166318
165622
162585
157135
162371
149340
152633
141573
142676
147499
155276
152243
146683
151084
149493
157178
150094
146286
148922
153808
171152
161205
143968
152474
151099
149171
146536
161580
150222
151478
147314
150014
159856
153236
162383
149709
151946
155014
163905
142714
151566
147597
158401
143473
150856
160804
154185
148814
154803
164243
167988
150172
152808
159726
146906
146057
157862
146968
145665
159273
160426
159851
159689
151308
155923
164808
157875
158586
154834
156458
159031
145509
145611
149952
162040
153062
148889
152254
161662
147711
155329
151238
157087
159460
149603
158265
155047
165521
151622
150932
155823
150381
148582
160635
157447
143297
154292
150470
148638
154559
159706
151667
164334
161605
156725
147566
146694
148223
152185
159413
148633
152410
150176
151724
147897
152236
149604
150783
158481
145798
155241
158358
158054
163232
162341
155819
156037
160832
154642
142687
151427
164585
160455
147261
144988
169823
150603
149955
161385
149974
157346
151224
149392
161624
155915
149513
159241
149390
155527
156514
150371
145858
167610
146827
148844
153623
167280
153357
159594
162755
155597
153297
146579
151825
165817
155823
156633
142586
151252
150965
157799
161136
147094
157202
165840
150834
152652
153586
152572
152034
149235
153309
146106
153768
150333
162632
150947
179745
152994
155668
149504
146046
155882
152985
155396
146380
154588
152718
147144
152083
155234
153218
149500
159166
168767
158629
150020
148926
152505
155238
152108
152377
148606
152827
161310
161359
146764
153259
165071
150436
143484
145776
158700
154711
156853
152511
145598
154438
157950
152068
153646
152973
155726
155247
148018
166813
168232
144848
157011
158531
146550
162487
155304
151476
143892
152773
150177
147096
154889
146662
149249
157530
162239
154266
156878
153916
158282
179656
151072
145007
154476
147961
153606
154450
149435
162162
154481
162270
155162
168913
151318
151729
149494
146710
163981
151633
154004
150515
161863
167004
153852
161275
152065
146528
150969
149601
153703
148369
151968
153430
163761
153316
143986
158223
148834
156914
157758
153261
153855
158056
149795
153445
155018
145594
150851
155404
147933
160296
161361
151384
145583
162147
153765
155847
152995
146579
146085
161453
184973
144115
151352
158607
164924
178432
148638
147237
150795
156030
154232
173007
174751
153134
149194
158471
157393
147240
142865
152688
147714
148645
160037
142157
144218
156442
151094
146648
149360
154182
172631
156745
144843
156502
159011
154622
148545
153334
152378
149936
162076
145275
151070
145970
167419
138992
145509
150521
152829
149994
154114
151944
149709
160922
145130
168880
152870
145541
153143
149801
163529
146645
157117
153633
150604
156291
165604
153558
169491
161853
168409
146706
151308
165365
153950
157927
156192
152066
162912
159153
150898
150415
146201
160022
145267
153358
154061
157109
166183
147290
159462
145218
146481
149641
153103
153219
150850
159512
153529
152462
160883
153630
153840
149046
148526
145339
154141
145472
157806
156639
156900
153091
150270
150052
165087
151195
147172
156048
160364
149554
146462
159841
149897
161452
151437
158460
151135
145666
153896
150988
149314
146876
151679
149242
157907
148745
166723
150640
165028
152675
156964
179244
148129
147993
147072
171235
149371
154553
148514
149044
143203
157376
160594
145225
151350
148926
145990
152855
146964
158635
148370
164043
169707
144980
159433
148809
151289
152123
146435
169851
144199
167389
146369
147884
152147
153759
148731
153010
162542
156682
152911
144740
164530
165975
158820
143497
149358
161493
149621
153566
149487
146360
154860
157160
161907
149922
156855
147310
145384
164365
156952
163269
151618
150272
147975
160213
155472
154513
149488
158175
155763
152342
151959
147759
144684
158371
146364
151249
152447
159506
149983
147696
155691
160295
154873
149148
163773
150682
156581
176602
149186
149746
162849
157164
151850
147026
143151
156865
151012
147769
146941
149104
153823
166944
161783
147008
156651
164747
154174
148262
171215
164659
150549
172079
150171
165251
149930
148027
152177
154509
161313
161996
149938
150604
156158
144811
155322
148647
149780
149405
146823
158084
161093
156345
148323
159076
147831
158718
151790
155964
146825
155580
152004
141261
148585
162170
160789
157602
149470
170859
150280
168766
148695
150371
149027
143940
145072
154842
145624
153876
147643
149929
161094
156896
153637
151768
144390
157366
146473
152394
150109
152824
144274
153657
157203
147234
147912
154806
151134
155936
148041
151221
145581
170483
146481
158597
150347
153978
150812
155690
174045
159776
150517
152927
150359
154825
153670
149963
157303
175273
158400
157885
152233
160070
163004
155912
152910
153258
155876
147754
149594
152432
152007
148465
153582
148244
145087
157302
148888
148534
149961
147921
148989
174780
150585
159719
158303
148035
156559
144684
146096
149466
148858
147085
167724
158773
153768
149697
149145
148948
163612
152153
152911
152001
145408
163314
161511
155128
149502
160600
154815
152935
151617
153348
163776
156299
161320
149141
153738
155337
151206
150088
146145
161437
155104
163436
164838
154203
168925
164729
157041
161797
160655
156599
153354
153470
145188
156776
161485
149284
169996
147380
151774
153155
150397
158541
144416
147140
157511
148169
155610
147692
145924
146542
144144
154450
167763
152901
143267
149707
153714
155427
151153
155525
145447
156348
151582
156464
166511
149884
172082
155641
152360
154692
150135
152050
154469
153836
152788
150461
142846
146381
151160
150851
154196
148332
147830
148448
155311
144527
150779
148214
157689
154835
149153
162710
156003
151985
155662
147158
151995
157376
163814
149700
152119
178011
146239
148458
162314
161918
158141
157358
145018
152692
146061
154683
153251
146937
157897
147576
151096
148438
155654
156210
157488
162944
159924
161669
165651
169013
151758
150966
146884
158608
161504
149645
149130
153002
166640
146148
150344
148578
152916
152087
154118
148123
151759
167078
159547
153777
153771
147935
145604
148923
155741
150874
149640
149939
152308
151295
150970
150024
159095
148463
145964
143549
153328
159293
147487
147189
151387
142868
145695
148350
154153
162108
153026
144553
151174
140726
150578
146821
151355
151398
146078
155338
158971
149056
160031
154705
149011
149368
153527
152624
167196
154245
145022
145294
147669
144150
159804
162022
156333
158923
159513
152375
154776
155500
151633
154336
148914
151437
149487
149480
155057
161398
144115
145211
169082
153913
150807
145333
155354
149152
149636
159162
157919
170443
149274
150552
161354
149923
156285
150079
151610
144487
153536
164404
144418
149519
165479
144004
148308
150961
151204
149959
155485
154322
150320
153414
157056
145200
160060
151092
147290
149959
154709
164454
154630
152488
159175
148733
169085
145810
147906
159422
159666
147483
147023
153194
150851
153748
143802
164758
148994
166167
153019
153623
153719
159512
161425
152934
169606
145936
149981
152615
154977
157750
153510
145698
153054
145026
150203
153633
155325
146561
165229
166689
164170
156198
164726
152184
169750
152909
147261
150152
157809
147664
155275
144848
163171
145709
164639
149630
154254
149778
149341
158826
150173
149408
151641
148418
153704
164877
161248
156561
150055
152547
152901
145815
151899
150069
150872
153922
149916
146338
155289
146577
151185
156488
162454
149765
143322
154936
177920
152974
154180
159235
147027
149457
146287
155626
150902
153483
152169
149541
154201
148027
149739
156239
149649
172796
144875
160062
156753
142134
153592
151623
151458
148283
155285
160192
154737
154450
151438
153452
148443
154247
146013
150616
169749
143079
152758
157115
152610
149767
155377
153670
146031
154997
152023
147201
156069
153821
150811
146857
147330
148833
163476
151795
153661
154886
154922
161643
157549
156074
159745
149633
155733
151438
147201
150127
161633
161870
159070
160948
156395
157430
149458
148878
148404
144975
151914
144266
149180
149530
148062
163966
160677
156035
149576
151673
146792
148431
149583
153779
158013
153099
151814
144007
144396
163832
149479
157078
154863
150659
148359
155095
158342
161650
148722
156844
167807
146222
148248
146092
159381
155317
148896
145874
154708
164431
154732
146706
151644
164970
153457
157916
154789
157429
161884
152848
145811
167629
146926
149302
158365
148112
150310
153461
154151
152468
151040
151868
150810
150360
154470
150812
150153
145844
150424
153000
154647
150340
147185
155221
154768
154513
149332
143199
153965
150708
168811
149760
150607
157412
161934
154510
146479
149876
165119
154231
150367
153715
148851
151695
155159
149293
153524
157613
157582
160902
162443
148503
148704
151600
157912
161830
147359
156846
146140
153307
177055
154602
146059
159377
145134
156942
154946
149189
163284
162033
165721
166258
154648
149104
154471
158637
156475
155384
151390
151067
153319
164399
148623
149589
146222
153873
161424
169537
150051
157319
150146
151561
152139
159989
147994
150008
157988
144470
146610
152466
152105
165543
144029
149369
155030
149768
142095
146568
158462
147729
159350
156493
148196
148275
154567
148600
158841
153105
160667
156248
152185
154129
152575
156357
142935
155109
158068
146154
149289
158178
155659
162716
147076
150573
147072
150772
142448
148434
149700
151404
148241
141783
145825
143545
159852
165222
149537
150573
149577
147395
148950
152068
152193
153617
158066
156797
145205
165036
151852
152769
154598
155561
173293
158644
153567
165481
159939
146053
152665
165269
147992
150396
162940
147241
166944
155364
145550
161970
145062
152509
152729
146837
149951
148536
149185
160565
158674
143173
149124
144447
143400
152713
162539
142782
165951
160064
153963
150905
151916
153713
153466
171073
149659
155091
148323
152715
151855
147117
155896
169506
157624
154406
150004
152967
141935
153953
153173
150763
154155
156572
150679
153008
159154
152921
148194
154097
146266
152701
155662
150334
147565
152784
154614
155330
147273
158525
153996
151288
150114
148761
160201
145992
158387
164246
164649
154324
154027
143492
158515
144848
149284
149622
152692
149822
154151
154363
149228
151014
156714
156206
162133
156974
143398
147701
167354
160269
149121
149963
146234
152921
153827
146965
149033
175656
149256
151026
154307
162168
153634
150899
152298
150754
147652
151453
156974
158975
145506
148811
147505
149078
143600
155741
150710
154309
152646
147897
148235
154920
152630
143667
154450
140689
167272
145837
155245
163001
150161
154352
156293
152078
147383
154398
153439
152607
147939
166875
157095
156184
149125
161719
156970
147798
146052
155273
149951
149504
146635
164383
146388
148337
154292
159257
156440
152673
170217
146527
158472
151226
145361
153535
149334
163318
151230
156232
147892
149865
149013
162295
149428
149359
154617
157853
154866
158948
155865
165672
153444
158161
153010
153376
145474
152883
151087
162581
146139
147365
146230
141659
150969
162558
149794
155915
154151
160165
163058
162057
146203
152435
151210
146950
142114
144537
148947
152890
160006
148920
158073
147427
149863
156834
146561
160347
149331
152152
145205
155299
149456
151548
149426
143021
149537
146933
160563
151421
149960
151666
154578
146743
175099
159021
174216
155816
151966
155784
152771
155332
147079
146754
146982
149441
142696
153589
158817
153001
144350
147751
151012
150677
157188
146747
161581
162388
148962
150263
156256
159264
151633
152196
154048
145926
155658
157013
149846
150093
144634
152782
147349
163625
152145
156476
147262
155158
153396
151984
155433
150481
159028
153262
150548
162716
149604
150158
155381
155043
163956
157246
152240
162943
157696
144128
167595
154165
156810
150523
144351
162549
154469
154496
146925
153967
151593
159900
151247
151227
149821
151985
148973
152087
152385
150061
153304
151513
146069
146972
163934
155276
157719
154035
147461
146892
151714
146381
146874
149075
155641
147931
150417
149663
149922
148859
145014
143017
147874
146788
145599
158828
170533
140118
151506
159564
150288
149764
147888
148756
148263
168868
153754
148586
159673
162527
150010
150262
147182
149874
162358
147102
158163
156197
160793
154264
151389
158264
155625
166665
153498
159109
150195
157053
153499
152873
155994
153133
168213
153924
161911
162452
154624
159080
161946
148188
168980
146919
152263
150041
162165
142497
149359
150543
154364
151830
156570
167510
148748
161534
150391
165252
151846
142691
149821
150791
162506
159107
157318
147981
156041
159546
162762
148534
145281
160266
150584
154596
150619
169761
150412
160212
143982
153488
153189
152850
156230
148954
167705
145994
158347
146312
157680
148375
156319
149376
158167
153098
147946
158441
157146
153504
155350
148888
151185
163140
155428
153422
149974
165739
159756
155711
153733
152853
152083
158604
149634
141924
150152
146495
161430
146345
148712
148247
156930
155181
165539
159488
156084
154854
144628
149761
149249
146328
149670
166577
148005
143633
154692
140516
151780
156789
154960
156940
148471
146070
154549
145614
166415
161259
151120
160089
150240
149730
149718
152861
158959
147892
150056
146466
153545
158274
144879
160375
154324
149130
144717
155366
163367
163205
154679
153314
155413
158221
158544
150222
160092
158118
167381
155369
157744
158025
151452
150190
147717
147782
151084
153105
162580
147591
148098
155859
157177
148799
162231
155118
154477
154555
153056
169594
154286
153907
148111
145745
150186
161281
152925
153439
150213
159462
146384
148897
142100
151902
147404
155267
156527
154170
153236
175198
159352
144822
152907
152930
152617
159597
170523
155380
154361
148435
160592
148391
153522
150678
158771
147008
158186
150911
148038
159719
155732
157018
167301
158542
162081
152883
147757
174713
145867
163756
158911
155516
163463
160409
153847
159429
148716
145274
149953
154571
155452
157097
149049
146848
158302
163500
160978
155489
154198
155480
155590
147928
150738
152389
149560
159483
154101
148236
147949
148270
149145
159584
154510
152567
153567
154963
149735
149274
144225
147721
148781
164492
148061
152669
145480
160456
174948
150609
146685
162414
160862
156662
153140
159128
153607
150556
157466
152709
152415
153354
161846
144780
145696
148101
145696
152321
150075
165414
161695
149093
148929
155586
159427
142532
159260
147227
152525
144039
150969
150863
157318
151193
158272
170810
145348
154719
152513
143457
145272
150500
154577
157205
154198
150895
147959
152580
146184
166784
165152
156911
150188
148291
152665
148494
147078
147375
143191
151869
147848
150117
150376
151575
147633
157059
150228
146692
151046
152742
157044
151698
150118
144286
153551
155495
151807
154570
153811
158135
148990
156466
158865
155264
154403
151726
146421
141384
149604
154218
158987
152663
153508
152814
156367
163331
148600
149757
143775
150544
154572
156570
144616
160444
149774
148031
173488
166037
154660
146941
154845
153801
151881
152121
149979
179009
143221
146875
147167
160304
143760
153313
145695
151927
148103
150249
147692
153077
154012
154438
160139
145303
158182
144206
150960
147032
155084
160579
147301
155599
160478
151585
164067
152048
170349
149228
154395
156934
148660
154331
156677
152960
150833
158362
152656
150755
152288
164234
150085
148563
148157
166037
149025
154334
151067
149319
147072
154477
144634
169124
157272
151291
157836
148290
156772
147156
159792
146150
147542
155784
179959
152356
153915
151212
146960
152771
152943
158723
154104
144521
159531
145691
163092
162198
150004
168218
147325
170154
147495
152375
157163
172276
148327
159087
149990
150730
161967
157213
154907
159085
150679
145234
152408
145328
148060
144748
153084
155408
150733
147725
147890
147630
146714
150826
152079
161108
167068
154053
154600
144209
165571
153350
145504
145308
161584
146894
161736
169113
156619
156703
154526
153019
165255
163137
151953
150868
152458
155706
159980
144413
151587
153293
148924
159208
155494
155408
153297
165286
153966
146134
156884
159195
147739
145325
165572
158094
147160
175132
157782
155805
149846
148681
148668
151014
148561
155844
157361
146374
157170
151862
153795
153185
152183
154381
143849
154170
154567
155612
158241
150412
153350
156725
149442
149669
166426
155339
153338
155390
155555
165399
151789
158878
155370
146347
146311
169637
156172
158626
148044
149730
146981
148000
148408
156726
156399
144183
149535
156227
158304
143609
161239
151875
149953
156474
150648
146411
150646
151287
156021
150400
161741
148785
155354
156666
163416
155549
167329
146807
152208
143730
149009
164310
153454
146980
154719
154802
146865
149134
145137
155749
165093
151763
160519
154673
153368
141388
166109
153160
155832
144755
146481
147034
153582
150524
161115
146400
155355
159284
144672
154605
151017
155109
152295
143179
160007
157549
156610
146834
149319
154312
149216
153367
169615
161785
147318
144722
153602
153878
153069
156535
160984
153662
153228
160191
153974
155550
155118
155490
179710
158432
147871
148371
145292
153307
158896
159357
153815
154212
172761
157119
151638
155309
151281
145483
149578
160179
165397
160007
151238
168170
150438
163220
151106
151873
151233
141232
150955
150699
162661
157950
166119
150507
151183
150269
168366
163392
147894
162076
169792
155671
148175
158166
168717
143277
154103
144452
161342
153598
161589
153765
149058
163935
152839
148760
157439
161176
145366
145908
148089
152545
147921
156781
149775
150296
151355
153098
173755
155216
156153
157430
164281
144494
158483
148974
170740
145666
150112
147465
166218
146886
148085
157458
142607
151540
148319
160181
143805
153669
158907
141142
157106
150438
151209
143306
152252
160933
157407
158978
160628
151929
150229
154702
148256
152720
154193
150980
151215
152437
145769
170325
159452
157742
159736
155231
161426
143767
155290
158312
148314
153873
157379
151946
159056
147170
144985
153393
152122
144097
156738
157896
162156
153234
152328
160236
156001
148401
155162
151227
147642
160541
155031
152901
149135
152475
154804
148000
154709
156743
175514
146150
152230
162008
163657
168998
159799
153402
152619
151540
158773
148097
158740
163098
149603
147394
155049
146572
153788
164957
147903
157852
150525
153159
150442
153559
155538
154396
165341
155531
152428
146821
150299
157793
150000
160302
142453
154726
152891
156200
147831
147942
152915
154138
161846
156430
164807
148553
157017
163414
147638
151875
157699
150637
157439
149613
142823
155704
146662
155551
142569
145173
145298
157502
154737
146513
149099
160021
163474
158805
145658
148858
165120
148559
149441
149807
165863
143991
152975
154904
148883
147169
156109
157330
152307
148505
159498
154750
166573
143559
144071
150017
146052
157192
169993
155725
150294
159250
151437
161567
148838
155992
149156
151063
158918
150101
152559
152280
154654
156934
146041
157865
167337
156636
155606
146964
151833
153105
159572
163983
169781
150552
150994
150009
156431
159187
153609
147046
148405
154294
156903
151113
165179
151548
164694
153856
159583
153238
149063
156053
152995
161907
163613
150078
151669
151264
148539
145149
158853
154791
144465
156411
154223
151714
151841
152864
149716
151040
163684
158178
152242
159760
155571
150139
144320
161280
164003
151735
174412
150642
151157
151697
151268
145494
156545
152846
153111
152460
152271
153173
152434
164467
153290
153457
149003
147061
158947
148297
150375
153680
146312
155040
153582
143454
161582
158815
160088
159387
147638
157935
145678
153897
166302
151613
158318
146621
144407
148939
152211
151511
151554
153664
154359
150247
164344
155320
157621
147809
153309
153170
151125
154231
145741
156068
152623
152233
148428
154452
154690
156464
157731
154157
163890
148643
157591
151711
155667
157701
153340
155264
151688
159115
164347
151267
152021
143718
146274
145690
149451
149211
164100
147326
150130
160871
151289
156296
142593
144191
149571
148114
146900
158681
162466
149883
146645
146952
146521
152218
150181
150280
153359
151638
152008
149282
156612
156578
159269
155568
151396
163644
178773
143918
154976
156683
146777
158205
159166
159166
142780
154610
152844
163061
154188
146858
169297
158802
159324
159531
150915
152367
142710
155966
158040
156473
170274
145702
144081
150601
149540
145449
157763
154766
155495
151618
165710
154730
151667
144313
160552
160420
154681
148138
146011
159581
151897
155431
145317
153085
161555
157497
155839
154907
150720
163679
153759
153379
147656
154159
143735
145868
144439
147761
154504
159414
171732
151942
168753
163469
153020
154918
158128
157444
149231
148703
146751
149661
157078
144083
154953
155457
150824
149884
157280
164579
148308
144132
145766
155479
158368
149454
145900
146408
148660
146342
154470
151325
160112
148939
146444
152575
154345
152208
149022
150337
154394
156821
152902
149663
153590
149946
148387
154883
154135
156131
145147
166320
178967
151869
160270
143938
146967
149732
157961
155189
152736
166017
142243
152027
170408
149737
153839
150860
150243
151597
165936
152297
151509
152347
146750
142955
157975
150559
147505
170780
144868
159787
149655
149857
161058
154328
150488
151874
147271
150833
146909
145549
142578
154214
153860
156699
154400
153081
149762
149036
152068
152972
159411
155770
159294
153347
147370
160054
156401
147639
153669
159895
